255 255 255 255 255 255 255 255 255 255 255 255 255 255 255 255
255 235 183 183 183 186 255 255 243 250 186 183 183 183 235 255
255 183  56 120 120   8 229 184 181 228   8 120 120  56 183 255
255 183 120 145  88   8 236 135 121 231   8  88 145 120 183 255
255 183 120  88   0   8 208  24  17 205   8   0  88 120 183 255
255 186   8   8   8  16 255 155 113 239  16   8   8   8 186 255
255 239 199 199 199 253 211 232 223 208 199 246 199 199 239 255
255 183  49  36  87 150 114 132 150 121   3 128  36  49 183 255
255 195  72  64 131 109 148 193 152 183 111 145 144 157 214 255
255 244 208 210 215 238 180 137 105  32  40 221  40  40 194 255
255 186   8   8   8  16 253 250 146  15   0 215   0 131 253 255
255 183 120  88   0   8 255 239 195 208   7 215  14 133 244 255
255 183 120 145  88   8 255 151  71  95  88 229 115  78 183 255
255 183  56 120 120   8 225  71  23 102 120 255 214  63 183 255
255 235 183 183 183 186 239 183 195 188 183 255 255 217 235 255
255 255 255 255 255 255 255 255 255 255 255 255 255 255 255 255
255 255 255 255 255 255 255 255 255 255 255 255 255 255 255 255
255 235 183 183 183 186 255 255 243 250 186 183 183 183 235 255
255 183  56 120 120   8 229 184 181 228   8 120 120  56 183 255
255 183 120 145  88   8 236 135 121 231   8  88 145 120 183 255
255 183 120  88   0   8 208  24  17 205   8   0  88 120 183 255
255 186   8   8   8  16 255 155 113 239  16   8   8   8 186 255
255 239 199 199 199 253 211 232 223 208 199 246 199 199 239 255
255 183  49  36  87 150 114 132 150 121   3 128  36  49 183 255
255 195  72  64 131 109 148 193 152 183 111 145 144 157 214 255
255 244 208 210 215 238 180 137 105  32  40 221  40  40 194 255
255 186   8   8   8  16 253 250 146  15   0 215   0 131 253 255
255 183 120  88   0   8 255 239 195 208   7 215  14 133 244 255
255 183 120 145  88   8 255 151  71  95  88 229 115  78 183 255
255 183  56 120 120   8 225  71  23 102 120 255 214  63 183 255
255 235 183 183 183 186 239 183 195 188 183 255 255 217 235 255
255 255 255 255 255 255 255 255 255 255 255 255 255 255 255 255
255 255 255 255 255 255 255 255 255 255 255 255 255 255 255 255
255 235 183 183 183 186 255 255 243 250 186 183 183 183 235 255
255 183  56 120 120   8 229 184 181 228   8 120 120  56 183 255
255 183 120 145  88   8 236 135 121 231   8  88 145 120 183 255
255 183 120  88   0   8 208  24  17 205   8   0  88 120 183 255
255 186   8   8   8  16 255 155 113 239  16   8   8   8 186 255
255 239 199 199 199 253 211 232 223 208 199 246 199 199 239 255
255 183  49  36  87 150 114 132 150 121   3 128  36  49 183 255
255 195  71  64 130 109 147 193 152 183 111 145 144 157 214 255
255 244 208 210 215 238 180 137 105  32  40 221  40  40 194 255
255 186   8   8   8  16 253 250 145  15   0 215   0 131 253 255
255 183 120  88   0   8 255 239 195 208   7 215  14 133 244 255
255 183 120 145  88   8 255 151  71  95  88 229 115  78 183 255
255 183  56 120 120   8 225  71  23 102 120 255 214  63 183 255
255 235 183 183 183 186 239 183 195 188 183 255 255 217 235 255
255 255 255 255 255 255 255 255 255 255 255 255 255 255 255 255

255 255 255 255 255 255 255 255 255 255 255 255 255 255 255 255
255 235 183 183 183 186 239 183 214 194 253 244 183 183 235 255
255 183  56 120 120   8 199  49 157  40 131 133  78  63 217 255
255 183 120 145  88   8 199  36 144  40   0  14 115 214 255 255
255 183 120  88   0   8 246 128 145 221 215 215 229 255 255 255
255 186   8   8   8  16 199   3 111  40   0   7  88 120 183 255
255 250 228 231 205 239 208 121 183  32  15 208  95 102 188 255
255 243 181 121  17 113 223 150 152 105 146 195  71  23 195 255
255 255 184 135  24 155 232 132 193 137 250 239 151  71 183 255
255 255 229 236 208 255 211 114 148 180 253 255 255 225 239 255
255 186   8   8   8  16 253 150 109 238  16   8   8   8 186 255
255 183 120  88   0   8 199  87 131 215   8   0  88 120 183 255
255 183 120 145  88   8 199  36  64 210   8  88 145 120 183 255
255 183  56 120 120   8 199  49  72 208   8 120 120  56 183 255
255 235 183 183 183 186 239 183 195 244 186 183 183 183 235 255
255 255 255 255 255 255 255 255 255 255 255 255 255 255 255 255
255 255 255 255 255 255 255 255 255 255 255 255 255 255 255 255
255 235 183 183 183 186 239 183 214 194 253 244 183 183 235 255
255 183  56 120 120   8 199  49 157  40 131 133  78  63 217 255
255 183 120 145  88   8 199  36 144  40   0  14 115 214 255 255
255 183 120  88   0   8 246 128 145 221 215 215 229 255 255 255
255 186   8   8   8  16 199   3 111  40   0   7  88 120 183 255
255 250 228 231 205 239 208 121 183  32  15 208  95 102 188 255
255 243 181 121  17 113 223 150 152 105 146 195  71  23 195 255
255 255 184 135  24 155 232 132 193 137 250 239 151  71 183 255
255 255 229 236 208 255 211 114 148 180 253 255 255 225 239 255
255 186   8   8   8  16 253 150 109 238  16   8   8   8 186 255
255 183 120  88   0   8 199  87 131 215   8   0  88 120 183 255
255 183 120 145  88   8 199  36  64 210   8  88 145 120 183 255
255 183  56 120 120   8 199  49  72 208   8 120 120  56 183 255
255 235 183 183 183 186 239 183 195 244 186 183 183 183 235 255
255 255 255 255 255 255 255 255 255 255 255 255 255 255 255 255
255 255 255 255 255 255 255 255 255 255 255 255 255 255 255 255
255 235 183 183 183 186 239 183 214 194 253 244 183 183 235 255
255 183  56 120 120   8 199  49 157  40 131 133  78  63 217 255
255 183 120 145  88   8 199  36 144  40   0  14 115 214 255 255
255 183 120  88   0   8 246 128 145 221 215 215 229 255 255 255
255 186   8   8   8  16 199   3 111  40   0   7  88 120 183 255
255 250 228 231 205 239 208 121 183  32  15 208  95 102 188 255
255 243 181 121  17 113 223 150 152 105 145 195  71  23 195 255
255 255 184 135  24 155 232 132 193 137 250 239 151  71 183 255
255 255 229 236 208 255 211 114 147 180 253 255 255 225 239 255
255 186   8   8   8  16 253 150 109 238  16   8   8   8 186 255
255 183 120  88   0   8 199  87 130 215   8   0  88 120 183 255
255 183 120 145  88   8 199  36  64 210   8  88 145 120 183 255
255 183  56 120 120   8 199  49  71 208   8 120 120  56 183 255
255 235 183 183 183 186 239 183 195 244 186 183 183 183 235 255
255 255 255 255 255 255 255 255 255 255 255 255 255 255 255 255

255 254 254 254 254 254 254 254 254 254 254 254 254 254 254 255
254 236 210 236 238 194 202 195 185 230 187 194 194 191 236 254
254 205 122 169 189 164 138  55  87 200  61 126 121  99 199 254
254 210 130  86 153 111 109  72 154 239  70 103  85 110 201 254
254 225 143 106 170  64 196 191 169 194  70 116  99 114 201 254
254 220  97  67 213 106 110 191 189 219  52  99  99  76 197 254
254 189  39  39 206  71  34 121 126 154 198 213 195 191 242 254
254 210 113  83 127  97 149 157 176 154 108 161  93  97 206 254
254 186  53  31 127  77 131 142 158 149 106  92 115  94 191 254
254 228 170 171 222 206 215 218 237 228 190 175 215 187 230 254
254 187  60  68  68  51 200  90 114 198  40  68  68  55 193 254
254 194 126 103 116  95 177  33  75 210  70 122 106 116 201 254
254 194 122  85  99  95 190  70  71 183  70 106  88 111 201 254
254 191  99 110 114  75 201 145 121 181  56 116 111  91 197 254
254 235 198 201 201 196 240 236 233 237 193 201 201 197 237 254
255 254 254 254 254 254 254 254 254 254 254 254 254 254 254 254
255 254 254 254 254 254 254 254 254 254 254 254 254 254 254 255
254 236 210 236 238 194 202 195 185 230 187 194 194 191 236 254
254 205 122 169 189 164 138  55  87 200  61 126 121  99 199 254
254 210 130  86 153 111 109  72 154 239  70 103  85 110 201 254
254 225 143 106 170  64 196 191 169 194  70 116  99 114 201 254
254 220  97  67 213 106 110 191 189 219  52  99  99  76 197 254
254 189  39  39 206  71  34 121 126 154 198 213 195 191 242 254
254 210 113  83 127  97 149 157 176 154 108 161  93  97 206 254
254 186  53  31 127  77 131 142 158 149 106  92 115  94 191 254
254 228 170 171 222 206 215 218 237 228 190 175 215 187 230 254
254 187  60  68  68  51 200  90 114 198  40  68  68  55 193 254
254 194 126 103 116  95 177  33  75 210  70 122 106 116 201 254
254 194 122  85  99  95 190  70  71 183  70 106  88 111 201 254
254 191  99 110 114  75 201 145 121 181  56 116 111  91 197 254
254 235 198 201 201 196 240 236 233 237 193 201 201 197 237 254
255 254 254 254 254 254 254 254 254 254 254 254 254 254 254 254
255 254 254 254 254 254 254 254 254 254 254 254 254 254 254 255
254 236 210 236 238 194 202 195 185 230 187 194 194 191 236 254
254 205 122 169 189 164 138  55  87 200  61 126 121  99 199 254
254 210 130  86 153 111 109  72 154 239  70 103  85 110 201 254
254 225 143 106 170  64 196 191 169 194  70 116  99 114 201 254
254 220  97  67 213 106 110 191 189 219  52  99  99  76 197 254
254 189  39  39 206  71  34 121 126 154 198 213 195 191 242 254
254 210 113  83 127  97 149 157 176 154 108 161  93  97 206 254
254 186  53  31 127  77 131 142 158 149 106  92 115  94 191 254
254 228 170 171 222 206 215 218 237 228 190 175 215 187 230 254
254 187  60  68  68  51 200  90 114 198  40  68  68  55 193 254
254 194 126 103 116  95 177  33  75 210  70 122 106 116 201 254
254 194 122  85  99  95 190  70  71 183  70 106  88 111 201 254
254 191  99 110 114  75 201 145 121 181  56 116 111  91 197 254
254 235 198 201 201 196 240 236 233 237 193 201 201 197 237 254
255 254 254 254 254 254 254 254 254 254 254 254 254 254 254 254

255 255 254 254 254 254 255 254 254 255 254 254 254 254 255 255
255 236 194 196 196 189 243 202 186 226 189 196 196 192 234 255
254 197  99 114 117  73 196  95 101 184  61 119 113  96 192 254
254 200 118  86  94  95 203  91 114 212  73 105  82 113 196 254
254 200 124 109 117  95 217 161  99 168  72 126 105 119 196 254
254 195  66  75  74  53 201 111 107 189  50  75  74  62 189 254
255 231 196 238 194 219 153 151 153 224 199 207 181 176 235 255
254 192  82 147 172 194 130 181 158 233 115  71  71 121 232 255
255 202  59  74 186 191 114 151 143 214  99  34  71 140 233 255
254 207 139 113 194 112  31 150 135 211 204 183 195 205 240 255
254 200 160 118  59 108  72  94  77 201  52  91  91  71 189 254
255 240 191 151 167 209 202 129 120 218  73 117  94 117 196 254
255 238 170  91 106  68  36  86  34 165  72 109  86 114 196 254
255 214 121 129 144 103  37 114  57 165  65 124 118  99 193 254
255 240 209 215 227 225 194 215 194 229 195 200 200 197 236 255
255 255 255 255 255 255 254 255 254 255 254 254 254 254 255 255
255 255 254 254 254 254 255 254 254 255 254 254 254 254 255 255
255 236 194 196 196 189 243 202 186 226 189 196 196 192 234 255
254 197  99 114 117  73 196  95 101 184  61 119 113  96 192 254
254 200 118  86  94  95 203  91 114 212  73 105  82 113 196 254
254 200 124 109 117  95 217 161  99 168  72 126 105 119 196 254
254 195  66  75  74  53 201 111 107 189  50  75  74  62 189 254
255 231 196 238 194 219 153 151 153 224 199 207 181 176 235 255
254 192  82 147 172 194 130 181 158 233 115  71  71 121 232 255
255 202  59  74 186 191 114 151 143 214  99  34  71 140 233 255
254 207 139 113 194 112  31 150 135 211 204 183 195 205 240 255
254 200 160 118  59 108  72  94  77 201  52  91  91  71 189 254
255 240 191 151 167 209 202 129 120 218  73 117  94 117 196 254
255 238 170  91 106  68  36  86  34 165  72 109  86 114 196 254
255 214 121 129 144 103  37 114  57 165  65 124 118  99 193 254
255 240 209 215 227 225 194 215 194 229 195 200 200 197 236 255
255 255 255 255 255 255 254 255 254 255 254 254 254 254 255 255
255 255 254 254 254 254 255 254 254 255 254 254 254 254 255 255
255 236 194 196 196 189 243 202 186 226 189 196 196 192 234 255
254 197  99 114 117  73 196  95 101 184  61 119 113  96 192 254
254 200 118  86  94  95 203  91 114 212  73 105  82 113 196 254
254 200 124 109 117  95 217 161  99 168  72 126 105 119 196 254
254 195  66  75  74  53 201 111 107 189  50  75  74  62 189 254
255 231 196 238 194 219 153 151 153 224 199 207 181 176 235 255
254 192  82 147 172 194 130 181 158 233 115  71  71 121 232 255
255 202  59  74 186 191 114 151 143 214  99  34  71 140 233 255
254 207 139 113 194 112  31 150 135 211 204 183 195 205 240 255
254 200 160 118  59 108  72  94  77 201  52  91  91  71 189 254
255 240 191 151 167 209 202 129 120 218  73 117  94 117 196 254
255 238 170  91 106  68  36  86  34 165  72 109  86 114 196 254
255 214 121 129 144 103  37 114  57 165  65 124 118  99 193 254
255 240 209 215 227 225 194 215 194 229 195 200 200 197 236 255
255 255 255 255 255 255 254 255 254 255 254 254 254 254 255 255
